
ACEGUA,0,0,0,1,1,0,0,0,1,0,0,0,0,0,0
AGUA SANTA,0,0,0,1,0,1,0,0,2,0,0,0,0,0,0
AGUDO,0,0,0,18,0,0,1,0,6,0,0,0,0,0,0
AJURICABA,0,0,0,4,0,0,0,0,2,0,1,0,0,0,0
ALECRIM,0,0,0,4,0,0,0,0,2,0,0,0,0,0,0
ALEGRETE,3,3,0,77,7,1,5,0,50,0,9,8,0,0,3
ALEGRIA,0,0,0,2,0,0,0,0,1,1,0,0,0,0,0
ALMIRANTE TAMANDARE DO SUL,0,0,0,3,0,0,0,0,1,0,0,0,0,0,0
ALPESTRE,0,0,0,5,2,0,0,0,1,1,1,0,0,0,0
ALTO ALEGRE,0,0,0,1,0,0,0,0,0,0,0,0,0,0,0
ALTO FELIZ,0,0,0,1,0,0,0,0,2,0,1,0,0,0,0
ALVORADA,8,9,0,175,0,14,129,20,149,3,28,31,0,0,9
AMARAL FERRADOR,0,0,0,0,0,1,0,0,0,0,0,0,0,0,0
AMETISTA DO SUL,0,0,0,7,0,1,0,0,1,0,1,0,0,0,0
ANDRE DA ROCHA,0,0,0,0,0,0,0,0,0,0,0,0,0,0,0
ANTA GORDA,0,0,0,3,0,0,0,0,1,0,0,0,0,0,0
ANTONIO PRADO,0,0,0,6,2,1,2,0,7,0,1,1,0,0,0
ARAMBARE,0,0,0,5,0,0,0,0,2,0,0,0,0,0,0
ARARICA,0,0,0,6,1,0,0,0,1,0,1,4,0,0,0
ARATIBA,0,0,0,5,0,0,0,0,2,0,0,0,0,0,0
ARROIO DO MEIO,0,0,0,10,0,0,0,1,11,2,9,3,0,0,0
ARROIO DO PADRE,0,0,0,1,0,0,0,0,1,0,0,0,0,0,0
ARROIO DO SAL,0,0,0,46,0,3,0,0,9,0,1,3,0,0,0
ARROIO DO TIGRE,1,1,0,5,1,1,0,0,2,1,0,0,0,0,1
ARROIO DOS RATOS,0,0,0,8,0,0,2,0,6,1,4,3,0,0,0
ARROIO GRANDE,0,0,0,9,2,0,1,0,10,0,1,5,0,0,0
ARVOREZINHA,0,0,0,5,0,1,0,0,0,2,3,0,0,0,0
AUGUSTO PESTANA,0,0,0,2,0,1,0,0,4,0,0,0,0,0,0
AUREA,0,0,0,3,0,0,0,0,1,1,1,0,0,0,0
BAGE,0,0,0,138,11,5,18,0,91,8,13,14,0,0,0
BALNEARIO PINHAL,0,0,0,14,0,0,1,0,10,1,1,1,0,0,0
BARAO,0,0,0,1,0,0,0,0,10,1,0,0,0,0,0
BARAO DE COTEGIPE,0,0,0,1,0,0,0,0,1,0,0,0,0,0,0
BARAO DO TRIUNFO,0,0,0,4,1,0,0,0,2,0,0,0,0,0,0
BARRA DO GUARITA,0,0,0,1,1,0,0,0,2,0,0,1,0,0,0
BARRA DO QUARAI,0,0,0,2,0,0,0,0,0,0,1,1,0,0,0
BARRA DO RIBEIRO,0,0,0,11,1,0,0,0,7,2,0,2,0,0,0
BARRA DO RIO AZUL,0,0,0,0,0,0,0,0,0,0,0,0,0,0,0
BARRA FUNDA,0,0,0,0,0,0,0,0,1,1,0,0,0,0,0
BARRACAO,0,0,0,3,1,0,0,0,3,0,2,0,0,0,0
BARROS CASSAL,0,0,0,9,1,0,2,0,0,1,0,0,0,0,0
BENJAMIN CONSTANT DO SUL,0,0,0,0,0,0,0,0,0,1,0,0,0,0,0
BENTO GONCALVES,1,1,0,120,0,4,12,1,121,5,29,13,0,0,1
BOA VISTA DAS MISSOES,0,0,0,3,0,0,0,0,0,0,0,0,0,0,0
BOA VISTA DO BURICA,0,0,0,1,0,0,0,0,1,2,0,0,0,0,0
BOA VISTA DO CADEADO,0,0,0,1,0,0,0,0,1,0,0,0,0,0,0
BOA VISTA DO INCRA,0,0,0,2,0,0,0,0,0,0,0,0,0,0,0
BOA VISTA DO SUL,0,0,0,0,0,1,0,0,0,0,0,0,0,0,0
BOM JESUS,0,0,0,7,1,0,1,0,6,0,3,0,0,0,0
BOM PRINCIPIO,0,0,0,4,0,0,0,0,13,1,6,2,0,0,0
BOM PROGRESSO,0,0,0,0,0,0,0,0,0,0,0,0,0,0,0
BOM RETIRO DO SUL,0,0,0,5,0,0,1,0,7,1,6,3,0,0,0
BOQUEIRAO DO LEAO,0,0,0,3,0,1,0,0,1,1,0,2,0,0,0
BOSSOROCA,0,0,0,5,0,0,0,0,2,0,3,1,0,0,0
BOZANO,0,0,0,1,1,0,0,0,2,0,0,0,0,0,0
BRAGA,0,0,0,1,0,0,0,0,2,2,0,1,0,0,0
BROCHIER,0,0,0,4,0,0,0,0,3,0,0,0,0,0,0
BUTIA,3,5,0,21,1,0,2,0,8,4,5,10,0,0,5
CACAPAVA DO SUL,0,0,0,21,2,0,4,0,18,2,7,5,0,0,0
CACEQUI,1,1,0,21,8,0,1,0,3,3,1,3,0,0,1
CACHOEIRA DO SUL,0,0,0,72,1,3,8,0,32,2,5,15,0,0,0
CACHOEIRINHA,0,0,0,158,0,7,66,8,136,5,11,15,0,0,0
CACIQUE DOBLE,0,0,0,1,0,0,0,0,0,12,0,0,0,0,0
CAIBATE,0,0,0,0,0,0,0,0,4,2,1,0,0,0,0
CAICARA,0,0,0,0,0,0,0,0,3,1,2,0,0,0,0
CAMAQUA,2,2,0,49,1,2,6,1,36,6,24,10,0,0,2
CAMARGO,0,0,0,1,0,0,0,0,1,0,1,0,0,0,0
CAMBARA DO SUL,0,0,0,3,0,0,0,0,3,1,0,1,0,0,0
CAMPESTRE DA SERRA,0,0,0,3,0,0,0,0,0,0,2,0,0,0,0
CAMPINA DAS MISSOES,0,0,0,1,0,0,0,0,1,0,0,0,0,0,0
CAMPINAS DO SUL,0,0,0,2,0,0,0,0,2,3,4,1,0,0,0
CAMPO BOM,1,1,0,91,0,13,10,4,65,2,11,6,0,0,1
CAMPO NOVO,0,0,0,15,0,0,0,0,1,3,3,2,0,0,0
CAMPOS BORGES,0,0,0,3,0,0,0,1,0,0,0,0,0,0,0
CANDELARIA,0,0,0,33,7,0,2,0,12,4,13,6,0,0,0
CANDIDO GODOI,0,0,0,0,0,0,0,0,3,1,0,0,0,0,0
CANDIOTA,0,0,0,6,4,1,2,0,4,0,0,1,0,0,0
CANELA,0,0,0,45,0,2,8,0,57,3,17,7,0,0,0
CANGUCU,0,0,0,16,2,1,0,0,15,3,2,0,0,0,0
CANOAS,10,10,0,469,0,51,185,33,372,14,76,79,0,0,11
CANUDOS DO VALE,0,0,0,2,0,0,0,0,0,0,0,0,0,0,0
CAPAO BONITO DO SUL,0,0,0,1,0,0,0,0,0,0,0,0,0,0,0
CAPAO DA CANOA,0,0,0,88,0,8,14,3,63,0,4,11,0,0,0
CAPAO DO CIPO,0,0,0,2,0,0,0,0,1,1,0,0,0,0,0
CAPAO DO LEAO,0,0,0,16,2,0,2,0,7,1,1,0,0,0,0
CAPELA DE SANTANA,0,0,0,3,1,0,0,0,2,0,0,1,0,0,0
CAPITAO,0,0,0,1,0,0,0,0,1,0,0,0,0,0,0
CAPIVARI DO SUL,0,0,0,1,0,0,0,0,1,0,0,0,0,0,0
CARAA,0,0,0,2,0,0,0,0,1,0,0,0,0,0,0
CARAZINHO,3,3,1,61,0,2,21,0,71,6,10,4,1,0,7
CARLOS BARBOSA,0,0,0,11,0,1,0,0,25,1,1,2,0,0,0
CARLOS GOMES,0,0,0,0,0,0,0,0,1,0,0,0,0,0,0
CASCA,0,0,0,12,1,1,0,0,7,1,0,1,0,0,0
CASEIROS,0,0,0,4,0,0,0,0,2,0,1,0,0,0,0
CATUIPE,0,0,0,5,0,1,1,0,1,1,0,1,0,0,0
CAXIAS DO SUL,5,5,0,347,1,47,85,24,433,34,26,38,0,0,7
CENTENARIO,0,0,0,0,0,0,0,0,0,0,0,0,0,0,0
CERRITO,0,0,0,1,0,0,0,0,0,0,0,0,0,0,0
CERRO BRANCO,0,0,0,1,0,0,0,0,0,0,0,0,0,0,0
CERRO GRANDE,0,0,0,3,1,0,0,0,0,0,0,0,0,0,0
CERRO GRANDE DO SUL,0,0,0,5,0,1,1,0,3,2,0,0,0,0,0
CERRO LARGO,0,0,1,5,0,0,1,0,8,1,2,1,1,0,1
CHAPADA,0,0,0,2,0,0,0,0,6,1,0,0,0,0,0
CHARQUEADAS,0,0,0,15,0,1,3,0,9,4,15,18,0,0,0
CHARRUA,0,0,0,0,0,0,0,0,1,0,0,0,0,0,0
CHIAPETTA,0,0,0,1,0,0,0,0,4,0,0,1,0,0,0
CHUI,0,0,0,13,0,0,1,0,4,1,2,0,0,0,0
CHUVISCA,0,0,0,5,0,0,0,0,1,0,0,0,0,0,0
CIDREIRA,2,2,0,26,0,0,6,1,20,2,0,4,0,0,2
CIRIACO,0,0,0,3,1,0,0,0,1,1,1,0,0,0,2
COLINAS,0,0,0,0,0,0,0,0,1,0,0,0,0,0,0
COLORADO,0,0,0,2,0,0,0,0,1,0,0,0,0,0,0
CONDOR,0,0,0,3,0,0,0,0,7,0,0,0,0,0,0
CONSTANTINA,0,0,0,3,0,0,0,0,7,0,5,1,0,0,0
COQUEIRO BAIXO,0,0,0,0,0,0,0,0,0,0,0,0,0,0,0
COQUEIROS DO SUL,0,0,0,0,0,0,0,0,1,0,0,0,0,0,0
CORONEL BARROS,0,0,0,0,0,0,0,0,0,1,1,0,0,0,0
CORONEL BICACO,0,0,0,0,0,0,2,0,1,0,2,2,0,0,0
CORONEL PILAR,0,0,0,4,0,0,0,0,0,0,0,0,0,0,0
COTIPORA,0,0,0,2,0,0,0,0,1,0,0,0,0,0,0
COXILHA,0,0,0,4,0,0,0,0,0,0,1,0,0,0,0
CRISSIUMAL,0,0,0,6,0,1,0,0,4,0,0,0,0,0,0
CRISTAL,0,0,0,8,0,0,1,0,4,0,3,1,0,0,0
CRISTAL DO SUL,0,0,0,1,1,0,0,0,0,1,0,0,0,0,0
CRUZ ALTA,0,0,0,58,1,1,6,0,35,8,10,6,0,0,0
CRUZALTENSE,0,0,0,1,1,0,0,0,0,0,0,0,0,0,0
CRUZEIRO DO SUL,1,1,0,7,1,0,0,0,5,0,2,0,0,0,1
DAVID CANABARRO,0,0,0,2,1,0,0,0,3,0,0,0,0,0,0
DERRUBADAS,0,0,0,1,0,0,0,0,0,0,1,0,0,0,0
DEZESSEIS DE NOVEMBRO,0,0,0,2,1,0,0,0,0,0,0,0,0,0,0
DILERMANDO DE AGUIAR,0,0,0,2,1,0,0,0,1,1,0,0,0,0,0
DOIS IRMAOS,0,0,0,20,0,1,1,0,24,0,1,2,0,0,1
DOIS IRMAOS DAS MISSOES,0,0,0,1,0,0,0,0,1,0,0,0,0,0,0
DOIS LAJEADOS,0,0,0,1,0,0,0,0,2,1,0,0,0,0,0
DOM FELICIANO,0,0,0,8,0,0,1,0,5,1,0,0,0,0,0
DOM PEDRITO,0,0,0,25,5,0,3,0,15,2,8,7,0,0,0
DOM PEDRO DE ALCANTARA,0,0,0,0,0,1,0,0,0,0,0,0,0,0,0
DONA FRANCISCA,0,0,0,2,0,1,0,0,2,0,0,1,0,0,0
DOUTOR RICARDO,0,0,0,1,0,0,0,0,0,0,0,0,0,0,0
DR MAURICIO CARDOSO,0,0,0,0,0,0,0,0,1,0,0,0,0,0,0
ELDORADO DO SUL,0,0,0,42,0,3,13,0,33,1,9,13,0,0,0
ENCANTADO,0,0,0,32,1,0,0,0,15,0,7,2,0,0,0
ENCRUZILHADA DO SUL,0,0,0,16,1,0,4,0,8,2,1,0,0,0,0
ENGENHO VELHO,0,0,0,2,0,0,0,0,0,0,0,0,0,0,0
ENTRE IJUIS,0,0,0,7,0,0,0,0,3,0,1,0,0,0,0
ENTRE RIOS DO SUL,0,0,0,3,0,0,0,0,1,0,0,0,0,0,0
EREBANGO,0,0,0,0,0,0,0,0,3,0,0,0,0,0,0
ERECHIM,2,2,0,92,0,3,10,0,101,25,35,16,0,0,3
ERNESTINA,0,0,0,2,1,0,0,1,2,0,0,0,0,0,0
ERVAL GRANDE,0,0,0,4,0,0,0,0,1,0,2,0,0,0,0
ERVAL SECO,0,0,0,2,0,0,0,0,1,2,2,2,0,0,0
ESMERALDA,0,0,0,5,0,0,0,0,0,2,1,0,0,0,0
ESPERANCA DO SUL,0,0,0,1,0,1,0,0,1,2,0,0,0,0,0
ESPUMOSO,0,0,0,11,2,0,1,0,9,1,0,0,0,0,0
ESTACAO,0,0,0,2,0,0,0,0,2,0,1,0,0,0,0
ESTANCIA VELHA,0,0,0,45,0,4,4,3,9,3,1,1,0,0,0
ESTEIO,1,1,0,93,0,1,27,2,82,1,11,13,0,0,1
ESTRELA,0,0,0,28,0,0,3,1,15,3,6,3,0,1,1
ESTRELA VELHA,0,0,0,3,1,0,0,0,0,1,0,0,0,0,0
EUGENIO DE CASTRO,0,0,0,4,1,0,0,0,1,0,0,0,0,0,0
FAGUNDES VARELA,0,0,0,1,0,0,0,0,1,1,0,0,0,0,0
FARROUPILHA,4,4,0,55,0,4,5,5,87,2,10,13,0,0,4
FAXINAL DO SOTURNO,0,0,0,3,0,0,0,0,3,2,0,0,0,0,0
FAXINALZINHO,0,0,0,3,0,0,0,0,0,1,0,0,0,0,0
FAZENDA VILA NOVA,0,0,0,6,0,0,0,0,2,0,1,1,0,0,0
FELIZ,0,0,0,15,0,2,0,0,14,0,4,1,0,0,0
FLORES DA CUNHA,0,0,0,12,0,3,0,0,35,1,1,2,0,0,0
FLORIANO PEIXOTO,0,0,0,1,0,0,0,0,0,0,0,0,0,0,0
FONTOURA XAVIER,0,0,0,8,0,0,0,0,3,3,2,0,0,0,0
FORMIGUEIRO,0,0,0,1,0,0,0,0,1,3,2,3,0,0,0
FORQUETINHA,0,0,0,1,1,0,0,0,1,0,0,0,0,0,0
FORTALEZA DOS VALOS,0,0,0,2,0,0,0,0,1,1,0,0,0,0,0
FREDERICO WESTPHALEN,0,0,0,37,0,1,1,0,27,0,16,5,0,0,0
GARIBALDI,0,0,0,18,0,3,2,1,17,0,3,2,0,0,0
GARRUCHOS,0,0,0,0,0,0,0,0,1,0,0,0,0,0,0
GAURAMA,0,0,0,3,0,0,0,0,4,0,1,0,0,0,0
GENERAL CAMARA,0,0,0,9,1,0,0,0,7,2,0,0,0,0,0
GENTIL,0,0,0,2,0,0,0,0,0,0,0,0,0,0,0
GETULIO VARGAS,1,1,0,8,0,2,1,0,16,0,1,4,0,0,1
GIRUA,0,0,0,11,0,0,1,0,6,0,4,1,0,0,0
GLORINHA,0,0,0,6,2,0,1,1,7,0,2,0,0,0,0
GRAMADO,0,0,0,32,0,0,0,0,60,2,48,9,0,0,0
GRAMADO DOS LOUREIROS,0,0,0,2,1,0,0,0,0,0,0,0,0,0,0
GRAMADO XAVIER,0,0,0,0,0,0,0,0,1,0,0,0,0,0,0
GRAVATAI,2,2,0,207,1,27,103,13,212,7,17,26,0,0,3
GUABIJU,0,0,0,0,0,0,0,0,0,0,0,0,0,0,0
GUAIBA,2,3,0,53,1,4,20,2,45,6,28,7,0,0,3
GUAPORE,0,0,0,10,0,0,1,0,27,4,7,4,0,0,0
GUARANI DAS MISSOES,0,0,0,6,0,0,0,0,0,1,0,0,0,0,0
HARMONIA,0,0,0,0,0,0,0,0,5,0,0,0,0,0,0
HERVAL,0,0,0,4,3,0,1,0,5,0,2,0,0,0,0
HERVEIRAS,0,0,0,3,0,0,0,0,1,0,0,0,0,0,0
HORIZONTINA,0,0,1,25,0,0,2,0,10,2,3,1,1,0,1
HULHA NEGRA,0,0,0,4,1,0,1,0,5,0,0,2,0,0,0
HUMAITA,0,0,0,1,0,1,0,0,2,1,0,0,0,0,0
IBARAMA,0,0,0,0,0,1,0,0,1,0,0,0,0,0,0
IBIACA,0,0,0,1,0,0,0,0,2,1,0,0,0,0,0
IBIRAIARAS,0,0,0,3,0,0,0,0,1,1,1,0,0,0,0
IBIRAPUITA,0,0,0,1,0,0,0,0,1,0,0,0,0,0,0
IBIRUBA,0,0,0,13,1,1,0,0,19,1,4,12,0,0,0
IGREJINHA,0,0,0,30,1,2,6,0,14,0,12,0,0,0,0
IJUI,0,0,0,115,1,5,3,0,54,2,13,6,0,0,0
ILOPOLIS,0,0,0,0,0,0,0,0,1,0,3,0,0,0,0
IMBE,0,0,0,47,0,2,2,0,40,2,4,4,0,0,0
IMIGRANTE,0,0,0,3,0,0,0,0,2,1,0,0,0,0,0
INDEPENDENCIA,0,0,0,5,0,0,0,0,2,2,0,0,0,0,0
INHACORA,0,0,0,1,0,0,0,0,0,1,2,0,0,0,0
IPE,0,0,0,8,1,0,0,0,4,0,0,0,0,0,0
IPIRANGA DO SUL,0,0,0,0,0,0,0,0,0,0,0,0,0,0,0
IRAI,0,0,0,4,0,0,0,0,4,0,0,0,0,0,0
ITAARA,0,0,0,3,0,0,2,1,5,0,1,0,0,0,0
ITACURUBI,0,0,0,3,0,0,0,0,2,2,0,0,0,0,0
ITAPUCA,0,0,0,0,0,0,0,2,0,0,0,0,0,0,0
ITAQUI,0,0,0,35,2,1,3,0,23,1,4,3,0,0,0
ITATI,0,0,0,3,0,1,0,0,2,1,1,0,0,0,0
ITATIBA DO SUL,0,0,0,3,0,0,0,0,2,0,0,0,0,0,0
IVORA,0,0,0,1,0,0,0,0,0,0,0,0,0,0,0
IVOTI,1,1,0,9,0,0,1,0,20,0,3,2,0,0,1
JABOTICABA,0,0,0,1,0,0,0,0,1,0,0,0,0,0,0
JACUIZINHO,0,0,0,2,1,0,0,0,0,0,0,0,0,0,0
JACUTINGA,0,0,0,0,0,0,0,0,1,0,0,0,0,0,0
JAGUARAO,0,0,0,26,4,2,2,0,10,0,4,0,0,0,0
JAGUARI,0,0,0,4,1,0,1,1,6,0,2,1,0,0,0
JAQUIRANA,0,0,0,0,0,0,0,0,5,1,2,0,0,0,0
JARI,0,0,0,5,2,0,0,0,2,0,0,0,0,0,0
JOIA,0,0,0,4,0,2,1,0,1,0,1,0,0,0,0
JULIO DE CASTILHOS,0,0,0,19,2,0,1,0,9,1,5,7,0,0,0
LAGOA BONITA DO SUL,0,0,0,1,0,0,0,0,1,0,0,0,0,0,0
LAGOA DOS TRES CANTOS,0,0,0,3,0,0,0,0,0,0,1,0,0,0,0
LAGOA VERMELHA,1,1,0,39,4,1,3,0,21,1,8,9,0,0,1
LAGOAO,0,0,0,0,0,0,0,0,1,0,0,0,0,0,0
LAJEADO,0,0,0,102,0,5,10,1,85,2,18,19,0,0,0
LAJEADO DO BUGRE,0,0,0,0,0,0,0,0,2,0,0,1,0,0,0
LAVRAS DO SUL,0,0,0,5,3,0,0,0,4,0,0,0,0,0,0
LIBERATO SALZANO,0,0,0,3,1,0,0,0,5,0,0,0,0,0,0
LINDOLFO COLLOR,0,0,0,1,0,0,0,0,3,0,0,1,0,0,0
LINHA NOVA,0,0,0,0,0,0,0,0,1,0,0,0,0,0,0
MACAMBARA,0,0,0,2,1,0,0,0,1,0,0,0,0,0,0
MACHADINHO,0,0,0,8,2,1,0,0,0,0,0,0,0,0,0
MAMPITUBA,0,0,0,1,0,0,0,0,0,0,0,0,0,0,0
MANOEL VIANA,0,0,0,2,0,0,0,0,6,0,0,1,0,0,0
MAQUINE,1,1,0,9,3,0,0,0,2,1,0,0,0,0,2
MARATA,0,0,0,0,0,0,0,0,1,0,0,0,0,0,0
MARAU,0,0,0,28,1,6,2,0,35,1,8,0,0,0,0
MARCELINO RAMOS,0,0,0,3,1,0,0,0,4,0,0,0,0,0,0
MARIANA PIMENTEL,0,0,0,10,1,0,0,0,3,0,0,0,0,0,0
MARIANO MORO,1,1,0,3,0,0,0,0,0,0,0,0,0,0,1
MARQUES DE SOUZA,0,0,0,2,0,0,0,0,1,1,0,0,0,0,0
MATA,0,0,0,4,2,1,0,0,1,0,0,0,0,0,0
MATO CASTELHANO,0,0,0,1,0,0,0,0,2,0,0,0,0,0,0
MATO LEITAO,0,0,0,1,0,0,1,0,2,0,0,0,0,0,0
MATO QUEIMADO,0,0,0,0,0,0,0,0,0,0,0,0,0,0,0
MAXIMILIANO DE ALMEIDA,0,0,0,8,0,0,0,0,2,2,0,0,0,0,0
MINAS DO LEAO,0,0,0,4,0,0,0,0,4,0,2,1,0,0,0
MIRAGUAI,0,0,0,7,2,0,0,0,0,2,0,0,0,0,0
MONTAURI,0,0,0,0,0,0,0,0,0,1,0,0,0,0,0
MONTE ALEGRE DOS CAMPOS,0,0,0,6,0,0,0,0,2,0,0,0,0,0,0
MONTE BELO DO SUL,0,0,0,3,0,0,0,0,2,0,0,0,0,0,0
MONTENEGRO,1,1,0,48,1,1,3,0,43,1,27,11,0,0,1
MORMACO,0,0,0,1,0,0,0,0,0,0,0,0,0,0,0
MORRINHOS DO SUL,0,0,0,0,0,0,0,0,1,0,0,0,0,0,0
MORRO REDONDO,0,0,0,20,0,0,0,0,4,0,0,0,0,0,0
MORRO REUTER,0,0,0,4,0,0,0,0,3,0,0,0,0,0,0
MOSTARDAS,0,0,0,8,0,1,0,0,8,1,0,0,0,0,0
MUCUM,0,0,0,6,0,0,0,0,4,0,0,0,0,0,0
MUITOS CAPOES,0,0,0,2,0,0,0,0,0,0,0,0,0,0,0
MULITERNO,0,0,0,3,0,0,0,0,0,1,0,0,0,0,0
NAO-ME-TOQUE,0,0,0,20,0,0,1,0,17,0,5,3,0,0,0
NICOLAU VERGUEIRO,0,0,0,0,0,0,0,0,0,0,0,0,0,0,0
NONOAI,0,0,0,10,0,0,0,0,2,4,1,1,0,0,0
NOVA ALVORADA,0,0,0,2,0,0,2,0,2,0,0,0,0,0,0
NOVA ARACA,0,0,0,5,0,0,0,0,0,0,2,0,0,0,0
NOVA BASSANO,0,0,0,8,1,0,0,0,4,4,1,1,0,0,0
NOVA BOA VISTA,0,0,0,1,0,0,0,0,1,1,0,0,0,0,0
NOVA BRESCIA,0,0,0,0,0,0,0,0,0,0,1,0,0,0,0
NOVA CANDELARIA,0,0,0,0,0,0,0,0,1,0,0,0,0,0,0
NOVA ESPERANCA DO SUL,0,0,0,1,0,0,0,0,1,0,0,0,0,0,0
NOVA HARTZ,0,0,0,12,1,1,0,0,17,1,3,3,0,0,0
NOVA PADUA,0,0,0,2,0,0,0,0,2,0,0,0,0,0,0
NOVA PALMA,0,0,0,3,1,0,0,0,2,0,1,0,0,0,0
NOVA PETROPOLIS,0,0,0,11,0,0,0,0,9,4,4,1,0,0,0
NOVA PRATA,0,0,0,8,1,0,2,0,20,6,9,10,0,0,0
NOVA RAMADA,0,0,0,0,0,1,0,0,2,1,0,0,0,0,1
NOVA ROMA DO SUL,0,0,0,0,0,0,0,0,5,0,4,0,0,0,0
NOVA SANTA RITA,0,0,0,19,1,3,6,3,39,1,4,1,0,0,0
NOVO BARREIRO,0,0,0,0,0,0,0,0,1,2,0,0,0,0,0
NOVO CABRAIS,0,0,0,5,0,0,0,0,0,0,0,0,0,0,0
NOVO HAMBURGO,2,2,0,284,1,22,86,27,190,15,34,27,0,0,3
NOVO MACHADO,0,0,0,1,0,0,0,0,1,0,0,0,0,0,0
NOVO TIRADENTES,0,0,0,3,1,0,0,0,0,0,0,0,0,0,0
NOVO XINGU,0,0,0,1,0,0,0,0,0,0,0,0,0,0,0
OSORIO,0,0,0,39,2,3,9,3,36,0,10,11,0,0,0
PAIM FILHO,0,0,0,2,1,0,0,0,0,0,0,0,0,0,0
PALMARES DO SUL,1,1,0,10,1,1,1,0,9,1,1,0,0,0,1
PALMEIRA DAS MISSOES,1,1,0,28,1,0,3,0,11,3,8,1,0,0,1
PALMITINHO,0,0,0,1,1,0,0,0,2,2,3,0,0,0,0
PANAMBI,0,0,0,14,0,2,4,0,35,2,5,2,0,0,0
PANTANO GRANDE,0,0,0,5,1,0,0,0,3,1,0,1,0,0,0
PARAI,0,0,0,6,1,2,0,0,7,0,2,0,0,0,0
PARAISO DO SUL,0,0,0,3,0,1,0,0,0,0,0,0,0,0,0
PARECI NOVO,0,0,0,0,0,0,0,0,4,0,0,0,0,0,0
PAROBE,0,0,0,26,0,2,5,2,37,3,39,5,0,0,0
PASSA SETE,0,0,0,1,0,0,0,0,2,1,0,0,0,0,0
PASSO DO SOBRADO,0,0,0,4,0,0,0,0,1,1,1,0,0,0,0
PASSO FUNDO,9,11,1,233,0,25,16,0,173,13,23,23,1,0,13
PAULO BENTO,0,0,0,1,0,0,0,0,0,0,0,0,0,0,0
PAVERAMA,0,0,0,4,0,0,1,0,5,1,3,1,0,0,0
PEDRAS ALTAS,0,0,0,3,2,0,0,0,0,0,0,0,0,0,0
PEDRO OSORIO,0,0,0,3,0,0,0,0,2,1,2,1,0,0,0
PEJUCARA,0,0,0,9,0,0,0,0,2,0,0,3,0,0,0
PELOTAS,3,3,0,319,4,19,131,3,194,10,19,38,0,0,5
PICADA CAFE,0,0,0,4,0,1,0,0,2,1,1,0,0,0,0
PINHAL,1,1,0,2,1,1,0,0,1,0,1,0,0,0,1
PINHAL DA SERRA,0,0,0,5,2,0,0,0,0,1,0,0,0,0,0
PINHAL GRANDE,0,0,0,2,0,0,0,0,0,1,0,0,0,0,0
PINHEIRINHO DO VALE,0,0,0,1,0,0,0,0,1,0,0,0,0,0,0
PINHEIRO MACHADO,0,0,0,9,1,0,0,0,7,1,1,0,0,0,0
PINTO BANDEIRA,0,0,0,2,0,0,0,0,0,0,0,0,0,0,0
PIRAPO,0,0,0,1,0,0,0,0,2,2,0,0,0,0,0
PIRATINI,1,2,0,25,8,1,0,0,10,1,1,1,0,0,2
PLANALTO,0,0,0,9,1,2,0,0,2,0,2,0,0,0,0
POCO DAS ANTAS,0,0,0,0,0,0,0,0,0,0,0,0,0,0,0
PONTAO,0,0,0,1,0,0,0,0,2,0,0,0,0,0,0
PONTE PRETA,0,0,0,1,0,0,0,0,0,0,0,0,0,0,0
PORTAO,0,0,0,31,1,1,4,2,20,2,6,0,0,0,1
PORTO ALEGRE,28,30,0,2792,1,130,1373,157,1709,87,163,282,0,0,36
PORTO LUCENA,0,0,0,1,0,0,0,0,0,0,0,1,0,0,0
PORTO MAUA,0,0,0,2,1,1,0,0,1,0,1,1,0,0,0
PORTO VERA CRUZ,0,0,0,0,0,0,0,0,0,0,0,0,0,0,0
PORTO XAVIER,0,0,0,3,0,0,0,0,2,2,0,1,0,0,0
POUSO NOVO,0,0,0,1,0,0,0,0,0,0,0,0,0,0,0
PRESIDENTE LUCENA,0,0,0,0,0,0,0,0,2,0,0,0,0,0,0
PROGRESSO,0,0,0,10,0,1,0,0,1,3,1,0,0,0,0
PROTASIO ALVES,0,0,0,0,0,0,0,0,0,2,0,0,0,0,0
PUTINGA,0,0,0,3,0,0,0,0,1,0,1,0,0,0,0
QUARAI,0,0,0,23,1,1,2,1,9,3,1,0,0,0,0
QUATRO IRMAOS,0,0,0,0,0,0,0,0,1,0,1,0,0,0,0
QUEVEDOS,0,0,0,2,1,0,0,0,1,0,0,0,0,0,0
QUINZE DE NOVEMBRO,0,0,0,2,0,0,0,0,1,1,0,0,0,0,0
REDENTORA,0,0,0,2,1,1,0,1,0,1,0,0,0,0,0
RELVADO,0,0,0,0,0,0,0,0,0,0,0,0,0,0,0
RESTINGA SECA,0,0,0,7,1,0,0,0,8,0,0,0,0,0,0
RIO DOS INDIOS,0,0,0,1,1,0,1,0,0,0,0,0,0,0,0
RIO GRANDE,7,7,0,256,7,7,71,0,124,14,19,49,0,0,12
RIO PARDO,0,0,0,39,4,3,2,0,18,2,8,4,0,0,0
RIOZINHO,0,0,0,1,0,0,0,0,0,0,0,0,0,0,0
ROCA SALES,1,1,0,5,0,0,0,0,10,0,4,0,0,0,1
RODEIO BONITO,0,0,0,4,2,1,0,0,5,0,0,0,0,0,0
ROLADOR,0,0,0,1,0,0,0,0,2,1,0,0,0,0,0
ROLANTE,2,2,0,8,0,0,5,0,19,0,8,2,0,0,2
RONDA ALTA,1,1,0,4,0,0,1,0,5,1,0,0,0,0,1
RONDINHA,0,0,0,2,0,0,0,0,0,0,3,0,0,0,0
ROQUE GONZALES,0,0,0,1,0,0,0,0,1,0,0,0,0,0,0
ROSARIO DO SUL,4,4,0,31,3,0,4,0,16,1,3,6,0,0,4
SAGRADA FAMILIA,0,0,0,0,0,0,0,0,0,0,0,0,0,0,0
SALDANHA MARINHO,0,0,0,1,0,0,0,0,2,0,1,0,0,0,0
SALTO DO JACUI,1,1,0,8,1,0,2,0,18,1,0,2,0,0,1
SALVADOR DAS MISSOES,0,0,0,1,0,0,0,0,0,0,0,0,0,0,0
SALVADOR DO SUL,0,0,0,1,0,0,1,0,4,2,0,0,0,0,0
SANANDUVA,1,1,0,8,0,1,0,1,5,1,0,2,0,0,2
SANTA BARBARA DO SUL,0,0,0,5,0,0,0,0,5,0,2,1,0,0,0
SANTA CECILIA DO SUL,0,0,0,1,0,0,0,0,1,1,0,0,0,0,0
SANTA CLARA DO SUL,0,0,0,7,0,0,1,0,5,0,1,0,0,0,0
SANTA CRUZ DO SUL,1,1,0,128,0,7,18,0,101,6,8,19,0,0,1
SANTA MARGARIDA DO SUL,0,0,0,1,0,0,0,0,0,0,0,0,0,0,0
SANTA MARIA,9,9,0,340,6,20,60,0,268,21,49,52,0,0,9
SANTA MARIA DO HERVAL,0,0,0,4,0,0,0,0,2,0,0,0,0,0,0
SANTA ROSA,2,2,0,60,0,5,2,0,43,2,10,12,0,0,3
SANTA TEREZA,0,0,0,0,0,0,0,0,0,0,0,0,0,0,0
SANTA VITORIA DO PALMAR,1,1,0,43,4,1,8,0,14,4,0,2,0,0,1
SANTANA DA BOA VISTA,0,0,0,4,1,0,1,0,6,0,0,1,0,0,0
SANTANA DO LIVRAMENTO,2,2,0,94,14,2,9,0,64,4,14,5,0,0,3
SANTIAGO,0,0,0,32,3,1,4,0,52,2,15,23,0,0,0
SANTO ANGELO,1,1,0,110,3,8,14,0,43,8,24,14,0,0,1
SANTO ANTONIO DA PATRULHA,0,0,0,29,0,5,7,1,28,1,13,4,0,0,1
SANTO ANTONIO DAS MISSOES,0,0,0,5,1,0,0,0,4,0,2,1,0,0,0
SANTO ANTONIO DO PALMA,0,0,0,2,0,0,0,0,1,0,1,0,0,0,0
SANTO ANTONIO DO PLANALTO,0,0,0,0,0,1,0,0,0,0,0,0,0,0,0
SANTO AUGUSTO,0,0,0,5,0,2,0,0,5,0,2,4,0,0,0
SANTO CRISTO,0,0,0,3,0,0,0,0,7,0,0,1,0,0,0
SANTO EXPEDITO DO SUL,0,0,0,1,0,0,0,0,0,0,1,0,0,0,0
SAO BORJA,0,0,0,53,3,3,5,0,40,4,14,12,0,0,1
SAO DOMINGOS DO SUL,0,0,0,1,0,1,0,0,2,0,0,0,0,0,0
SAO FRANCISCO DE ASSIS,0,0,0,7,1,0,0,0,10,0,0,2,0,0,0
SAO FRANCISCO DE PAULA,0,0,0,23,1,0,0,0,14,1,0,1,0,0,0
SAO GABRIEL,1,1,0,63,5,1,5,1,34,8,9,13,0,0,1
SAO JERONIMO,0,0,0,13,1,1,1,0,17,0,3,5,0,0,0
SAO JOAO DA URTIGA,0,0,0,0,0,0,0,0,1,0,0,0,0,0,0
SAO JOAO DO POLESINE,0,0,0,1,0,0,0,0,2,0,0,1,0,0,0
SAO JORGE,0,0,0,2,0,0,0,0,2,0,0,0,0,0,0
SAO JOSE DAS MISSOES,0,0,0,0,0,0,0,0,0,0,0,0,0,0,0
SAO JOSE DO HERVAL,0,0,0,1,0,0,0,0,0,1,0,0,0,0,0
SAO JOSE DO HORTENCIO,0,0,0,2,0,0,0,0,2,0,0,0,0,0,0
SAO JOSE DO INHACORA,0,0,0,0,0,0,0,0,1,0,0,0,0,0,0
SAO JOSE DO NORTE,0,0,0,57,0,2,2,0,5,0,4,0,0,0,0
SAO JOSE DO OURO,0,0,0,2,0,1,0,0,2,0,2,1,0,0,0
SAO JOSE DO SUL,0,0,0,0,0,0,0,0,0,0,0,1,0,0,0
SAO JOSE DOS AUSENTES,0,0,0,2,1,0,0,0,2,2,0,0,0,0,0
SAO LEOPOLDO,1,1,1,392,1,42,78,20,202,10,14,46,1,0,2
SAO LOURENCO DO SUL,0,0,0,27,1,1,2,0,24,2,23,2,0,0,0
SAO LUIZ GONZAGA,1,1,0,45,3,2,6,0,27,1,21,13,0,0,1
SAO MARCOS,0,0,0,9,0,0,1,0,19,0,3,4,0,0,0
SAO MARTINHO,0,0,0,1,0,0,0,0,4,0,0,0,0,0,0
SAO MARTINHO DA SERRA,0,0,0,4,4,0,0,0,2,0,0,0,0,0,0
SAO MIGUEL DAS MISSOES,0,0,0,5,1,0,0,0,4,1,0,0,0,0,0
SAO NICOLAU,0,0,0,3,2,0,0,0,1,2,0,0,0,0,0
SAO PAULO DAS MISSOES,0,0,0,2,0,0,0,0,2,1,0,0,0,0,0
SAO PEDRO DA SERRA,0,0,0,2,0,0,0,0,3,0,0,0,0,0,0
SAO PEDRO DAS MISSOES,0,0,0,1,0,0,0,0,1,0,0,0,0,0,0
SAO PEDRO DO BUTIA,0,0,0,0,0,0,0,0,2,0,0,0,0,0,0
SAO PEDRO DO SUL,0,0,0,15,4,0,1,0,9,0,1,1,0,0,0
SAO SEBASTIAO DO CAI,0,0,0,26,0,3,0,0,22,4,17,1,0,0,0
SAO SEPE,0,0,0,23,1,2,0,0,3,0,4,2,0,0,0
SAO VALENTIM,0,0,0,1,0,0,0,0,1,0,0,0,0,0,0
SAO VALENTIM DO SUL,0,0,0,0,0,0,0,0,0,0,0,0,0,0,0
SAO VALERIO DO SUL,0,0,0,2,0,0,0,0,0,0,0,0,0,0,0
SAO VENDELINO,0,0,0,3,0,1,0,1,1,0,0,0,0,0,0
SAO VICENTE DO SUL,0,0,0,7,3,0,1,0,2,2,2,0,0,0,0
SAPIRANGA,0,0,0,82,1,7,10,0,50,2,13,7,0,0,0
SAPUCAIA DO SUL,3,4,0,203,0,18,48,13,101,3,19,22,0,0,5
SARANDI,1,1,0,33,0,0,2,0,8,3,10,2,0,0,1
SEBERI,0,0,0,11,0,1,0,0,5,1,0,1,0,0,0
SEDE NOVA,0,0,0,0,0,0,0,0,0,0,0,1,0,0,0
SEGREDO,0,0,0,4,2,0,0,0,2,1,0,0,0,0,0
SELBACH,0,0,0,4,0,0,0,0,1,0,0,1,0,0,0
SENADOR SALGADO FILHO,0,0,0,1,0,0,0,0,0,0,0,0,0,0,0
SENTINELA DO SUL,0,0,0,12,5,0,0,0,1,0,0,2,0,0,0
SERAFINA CORREA,0,0,0,3,0,0,0,0,14,0,4,1,0,0,0
SERIO,0,0,0,1,0,0,0,0,0,0,0,0,0,0,0
SERTAO,0,0,0,1,0,0,0,0,5,1,0,0,0,0,0
SERTAO SANTANA,0,0,0,1,0,0,0,0,3,0,0,0,0,0,0
SETE DE SETEMBRO,0,0,0,3,1,0,1,0,2,0,0,0,0,0,0
SEVERIANO DE ALMEIDA,0,0,0,1,0,0,0,0,1,0,0,0,0,0,0
SILVEIRA MARTINS,0,0,0,3,0,0,0,0,1,2,0,0,0,0,0
SINIMBU,0,0,0,4,0,0,0,0,3,1,0,0,0,0,0
SOBRADINHO,0,0,0,29,1,1,0,0,10,1,3,8,0,0,0
SOLEDADE,1,1,0,35,4,2,3,0,25,4,10,4,0,0,1
TABAI,0,0,0,3,0,1,2,2,2,0,0,0,0,0,0
TAPEJARA,0,0,0,21,0,1,0,0,24,1,3,0,0,0,0
TAPERA,0,0,0,14,1,0,0,0,3,0,4,1,0,0,0
TAPES,1,2,0,16,0,0,3,1,12,2,1,5,0,0,2
TAQUARA,0,0,0,46,1,3,5,2,31,4,43,4,0,0,1
TAQUARI,1,1,0,15,0,1,1,0,14,1,26,3,0,0,1
TAQUARUCU DO SUL,0,0,0,5,0,0,0,0,3,1,0,0,0,0,0
TAVARES,0,0,0,4,2,0,0,0,1,0,0,0,0,0,0
TENENTE PORTELA,1,1,0,11,0,2,1,0,5,0,2,4,0,0,1
TERRA DE AREIA,1,1,0,15,1,0,1,0,12,1,1,7,0,0,1
TEUTONIA,0,0,0,19,0,1,1,1,20,1,17,2,0,0,0
TIO HUGO,0,0,0,2,0,1,1,0,2,0,0,0,0,0,0
TIRADENTES DO SUL,0,0,0,3,0,0,0,0,1,0,0,1,0,0,0
TOROPI,0,0,0,2,0,0,0,0,0,1,0,0,0,0,0
TORRES,0,0,0,71,2,0,8,1,52,2,7,4,0,0,0
TRAMANDAI,6,6,0,82,0,6,7,1,54,12,5,15,0,0,6
TRAVESSEIRO,0,0,0,2,0,0,0,0,0,0,0,0,0,0,0
TRES ARROIOS,0,0,0,2,0,0,0,0,1,0,0,0,0,0,0
TRES CACHOEIRAS,0,0,0,3,0,2,0,0,10,0,0,0,0,0,0
TRES COROAS,0,0,0,29,1,0,1,0,6,0,9,3,0,0,0
TRES DE MAIO,0,0,0,19,2,1,0,0,18,1,7,1,0,0,0
TRES FORQUILHAS,0,0,0,3,0,0,0,0,0,0,0,0,0,0,0
TRES PALMEIRAS,0,0,0,0,0,0,1,0,1,0,0,0,0,0,0
TRES PASSOS,1,1,0,24,0,0,1,0,11,1,9,9,0,0,1
TRINDADE DO SUL,0,0,0,8,0,1,0,0,5,0,2,2,0,0,0
TRIUNFO,0,0,0,22,0,0,1,1,19,1,2,7,0,0,0
TUCUNDUVA,0,0,0,1,0,0,0,0,2,0,0,0,0,0,0
TUNAS,0,0,0,4,0,1,0,0,0,1,0,0,0,0,0
TUPANCI DO SUL,0,0,0,0,0,0,0,0,1,1,0,0,0,0,0
TUPANCIRETA,0,0,0,27,1,1,1,1,12,0,0,2,0,0,0
TUPANDI,0,0,0,1,0,0,0,0,6,0,0,0,0,0,0
TUPARENDI,0,0,0,5,1,0,0,0,5,0,2,0,0,0,0
TURUCU,0,0,0,2,1,0,0,0,1,1,2,0,0,0,0
UBIRETAMA,0,0,0,0,0,0,0,0,1,0,0,0,0,0,0
UNIAO DA SERRA,0,0,0,0,0,0,0,0,1,0,0,0,0,0,0
UNISTALDA,0,0,0,1,1,0,0,0,0,1,0,0,0,0,0
URUGUAIANA,2,2,1,91,9,18,19,0,49,2,17,19,1,0,3
VACARIA,1,1,0,91,1,3,11,0,26,5,23,10,0,0,2
VALE DO SOL,0,0,0,4,1,0,0,0,6,0,0,0,0,0,0
VALE REAL,0,0,0,2,0,0,1,0,4,0,2,0,0,0,0
VALE VERDE,0,0,0,1,0,0,0,0,1,0,0,0,0,0,0
VANINI,0,0,0,0,0,0,0,0,1,0,0,0,0,0,0
VENANCIO AIRES,0,0,0,95,1,3,6,0,38,3,2,11,0,0,0
VERA CRUZ,0,0,0,24,0,1,0,1,18,0,1,0,0,0,0
VERANOPOLIS,0,0,0,2,0,3,3,0,23,1,5,6,0,0,0
VESPASIANO CORREA,0,0,0,1,0,0,0,0,0,0,0,0,0,0,0
VIADUTOS,0,0,0,1,0,0,0,0,5,0,0,0,0,0,0
VIAMAO,2,2,0,205,3,13,134,31,155,11,13,33,0,1,4
VICENTE DUTRA,0,0,0,5,0,0,0,0,1,2,0,0,0,0,0
VICTOR GRAEFF,0,0,0,2,0,0,0,0,3,1,1,1,0,0,0
VILA FLORES,0,0,0,2,0,0,0,0,0,0,0,0,0,0,0
VILA LANGARO,0,0,0,1,0,0,0,0,1,0,0,0,0,0,0
VILA MARIA,0,0,0,8,4,1,0,0,1,0,1,0,0,0,0
VILA NOVA DO SUL,0,0,0,6,2,0,1,0,2,0,1,0,0,0,0
VISTA ALEGRE,0,0,0,1,0,0,1,0,0,0,0,0,0,0,0
VISTA ALEGRE DO PRATA,0,0,0,0,0,0,0,0,0,0,0,0,0,0,0
VISTA GAUCHA,0,0,0,0,0,0,0,0,1,0,0,0,0,0,0
VITORIA DAS MISSOES,0,0,0,0,0,0,0,0,1,1,0,0,0,0,0
WESTFALIA,0,0,0,0,0,0,0,0,1,0,0,0,0,0,0
XANGRI-LA,0,0,0,42,0,2,2,0,17,2,0,1,0,0,0